total process number: 30
pid    priority    arrival_time    CPU burst    IO burst
========================================================
  1           5               8           10           8
  2           3              15           11           0
  3          28              35           12           8
  4           2               8           11           0
  5           3              28           12           0
  6           4              16           14           0
  7          17              20           12           0
  8          29              28            5           5
  9          17               4           15           8
 10           2              10           13           9
 11           2              13            6           0
 12          28              24           10           0
 13          15              22           11           0
 14           3              11           11           3
 15          13              12            8           0
 16          11               2           15           0
 17          22               6           14           0
 18          20               8            7           1
 19           4               0           12           1
 20          16              18            7           0
 21           1              25            7           0
 22          15              37           13           1
 23           7              23           14           5
 24          11              36           15           0
 25          15              13           12           0
 26          27               2           12           0
 27          25              26            5           0
 28          14               4            8           0
 29           6              15            9           0
 30          14              32            7           0
========================================================

<FCFS>
--------------------------------------------------------
|19| |   19   |     16     |    26    |9|  28  |    17    |1|   4   |18|10|14|  15  |  11  |    25    |   2   |   29   |    6    |  20  |    7    |   13   |23|   12   |  21  | 27 |    5    |8|  30  |3|     24     |22|    9    |   1   |  18  |   14   |    10    |    23    | 8 |   3   |    22    |
--------------------------------------------------------
========================================================
start time: 0, end time: 318
cpu utilization: 99.69%
Average waiting time: 141.20
Average turnaround time: 153.43
========================================================
<Preemptive SJF>
--------------------------------------------------------
|19| |19|  28  |18|  11  |  18  |20| 27 |8|  20  | 8 |  21  |  30  |  15  |   19   |   29   |1|   12   |   1   |   4   |14|   2   |   14   |   13   |    26    |    25    |    7    |    5    |3|10|22|17|    22    |   3   |    10    |    17    |    6    |23|     16     |    23    |9|     24     |    9    |
--------------------------------------------------------
========================================================
start time: 0, end time: 318
cpu utilization: 99.69%
Average waiting time: 113.33
Average turnaround time: 125.57
========================================================
<Nonpreemptive SJF>
--------------------------------------------------------
|19| |   19   |  11  |18|  20  | 27 |8|  18  | 8 |  21  |  30  |  28  |  15  |   29   |1|   12   |   1   |   4   |14|   2   |   14   |   13   |    26    |    25    |    7    |    5    |3|10|22|    17    |   3   |    10    |    22    |    6    |23|     16     |    23    |9|     24     |    9    |
--------------------------------------------------------
========================================================
start time: 0, end time: 318
cpu utilization: 99.69%
Average waiting time: 113.73
Average turnaround time: 125.97
========================================================
<Preemptive Priority>
--------------------------------------------------------
|19| |  19  |   4   |10| 11 |  21  |    10    |11|14| 2 |   14   |  2  |    5    | 19 |    6    |1|  29  |   1   |29|23| 16 |    23    |   16   |     24     |  15  |  28  |  30  |    25    |   13   |22|20|    22    |  20  |9|  7  |    9    | 7 |18|17|  18  |    17    | 27 |    26    |   12   |3|8| | | | | |8|   3   |8|
--------------------------------------------------------
========================================================
start time: 0, end time: 323
cpu utilization: 98.14%
Average waiting time: 142.57
Average turnaround time: 154.80
========================================================
<Nonpreemptive Priority>
--------------------------------------------------------
|19| |   19   |   4   |10|  21  |  11  |    10    |14|   2   |   14   |    5    |    6    |1|   29   |   1   |23|     16     |    23    |     24     |  15  |  28  |  30  |    25    |   13   |22|  20  |    22    |9|    7    |    9    |18|    17    |  18  | 27 |    26    |   12   |3|8| | | | | | 8 |   3   |
--------------------------------------------------------
========================================================
start time: 0, end time: 323
cpu utilization: 98.14%
Average waiting time: 139.80
Average turnaround time: 152.03
========================================================
<RR>
--------------------------------------------------------
|19| | 19 | 16 | 26 |9| 28 | 19 | 17 |1| 4 |18| 16 |10|14| 26 | 15 | 11 | 25 | 2 | 29 | 28 | 6 | 20 | 19 | 9 | 7 | 17 | 13 |23| 12 | 21 | 4 | 27 | 18 | 5 |8| 16 | 1 | 30 | 14 | 26 |3| 24 |22| 15 | 10 | 11 | 25 | 2 | 29 |28| 6 | 20 |19| 9 | 7 | 17 | 13 | 12 | 23 | 21 | 4 |27| 18 | 5 | 16 | 8 | 1 | 30 | 14 | 26 | 24 | 22 |15| 3 | 10 | 25 | 2 | 29 | 6 |20| 9 | 7 | 17 | 13 | 12 | 23 |21|4| 5 | 16 |8| 1 |30| 14 | 24 | 22 | 3 | 10 | 25 |2| 6 | 9 | 7 |17|13|12| 23 | 5 |14| 24 | 22 | 3 | 10 |6|9| 23 | 24 | 22 |3|23|
--------------------------------------------------------
========================================================
start time: 0, end time: 318
cpu utilization: 99.69%
Average waiting time: 219.33
Average turnaround time: 231.57
========================================================
